name,type,parentBody,parentStar,coordinateX,coordinateY,coordinateZ,wikiLink,private,quantum
Abandoned Outpost (Cellin),Ruins,Cellin,Stanton,130.062,184.915,130.356,https://starcitizen.tools/Unnamed_abandoned_outpost_(Cellin),0,0
Abandoned Outpost (Daymar),Ruins,Daymar,Stanton,73.139,285.904,1.906,https://starcitizen.tools/Unnamed_abandoned_outpost_(Daymar),0,0
Abandoned Outpost (Yela),Ruins,Yela,Stanton,-45.303,308.850,28.948,https://starcitizen.tools/Unnamed_abandoned_outpost_(Yela),0,0
Afterlife,Underground bunker,Yela,Stanton,-254.263,-153.390,99.058,https://starcitizen.tools/Afterlife,1,1
ArcCorp Mining Area 045,Outpost,Wala,Stanton,-282.798,14.108,10.620,https://starcitizen.tools/ArcCorp_Mining_Area_045,0,1
ArcCorp Mining Area 048,Outpost,Wala,Stanton,-178.193,97.756,-196.340,https://starcitizen.tools/ArcCorp_Mining_Area_048,0,1
ArcCorp Mining Area 056,Outpost,Wala,Stanton,116.546,-50.147,253.155,https://starcitizen.tools/ArcCorp_Mining_Area_056,0,1
ArcCorp Mining Area 061,Outpost,Wala,Stanton,-21.040,-247.548,-132.570,https://starcitizen.tools/ArcCorp_Mining_Area_061,0,1
ArcCorp Mining Area 141,Outpost,Daymar,Stanton,-18.167,180.362,-232.760,https://starcitizen.tools/ArcCorp_Mining_Area_141,0,1
ArcCorp Mining Area 157,Outpost,Yela,Stanton,6.023,222.356,220.313,https://starcitizen.tools/ArcCorp_Mining_Area_157,0,1
ArcCorp Processing Center 115,Underground bunker,Wala,Stanton,-277.356,50.110,27.880,https://starcitizen.tools/ArcCorp_Processing_Center_115,1,1
ArcCorp Processing Center 123,Underground bunker,Wala,Stanton,130.624,-247.521,43.129,https://starcitizen.tools/ArcCorp_Processing_Center_123,1,1
Area04,City,ArcCorp,Stanton,-314.306,-601.435,423.659,https://starcitizen.tools/Area04,0,1
Area06,City,ArcCorp,Stanton,-745.806,-111.306,267.380,https://starcitizen.tools/Area06,0,1
Area11,City,ArcCorp,Stanton,508.204,397.589,472.922,https://starcitizen.tools/Area11,0,1
Area17,City,ArcCorp,Stanton,-310.290,-601.811,-425.980,https://starcitizen.tools/Area17,0,1
Area18,Landing zone,ArcCorp,Stanton,-747.409,-116.734,-262.094,https://starcitizen.tools/Area18,0,1
Area20,City,ArcCorp,Stanton,506.937,401.104,-471.308,https://starcitizen.tools/Area20,0,1
Ashburn Channel Aid Shelter,Emergency shelter,Cellin,Stanton,3.024,-257.942,-37.129,https://starcitizen.tools/Ashburn_Channel_Aid_Shelter,0,1
Aston Ridge Aid Shelter,Emergency shelter,Yela,Stanton,207.944,24.051,-232.785,https://starcitizen.tools/Aston_Ridge_Aid_Shelter,0,1
Astor's Clearing,Settlement,microTech,Stanton,-810.219,577.884,-101.430,https://starcitizen.tools/Astor%27s_Clearing,0,1
Baijini Point,Space station,ArcCorp,Stanton,-771.961,-321.347,-359.509,https://starcitizen.tools/Baijini_Point,0,1
Barton Flats Aid Shelter,Emergency shelter,Aberdeen,Stanton,54.341,217.120,-159.881,https://starcitizen.tools/Barton_Flats_Aid_Shelter,0,1
Bennyhenge,Landmark,Yela,Stanton,-626.649,135.683,-1.819,https://starcitizen.tools/Benny_Henge,0,0
Benson Mining Outpost,Outpost,Yela,Stanton,48.998,-275.606,-140.136,https://starcitizen.tools/Benson_Mining_Outpost,0,1
Bloodshot Ridge,Settlement,microTech,Stanton,733.940,-674.648,101.876,https://starcitizen.tools/Bloodshot_Ridge,0,0
Bountiful Harvest Hydroponics,Outpost,Daymar,Stanton,57.552,-92.267,-274.246,https://starcitizen.tools/Bountiful_Harvest_Hydroponics,0,1
Brio's Breaker Yard,Scrapyard,Daymar,Stanton,-176.683,-161.257,173.852,https://starcitizen.tools/Brio%27s_Breaker_Yard,0,1
Buckets,Underground bunker,Lyria,Stanton,-194.039,-67.997,-89.480,https://starcitizen.tools/Buckets,1,1
Bud's Growery,Outpost,Euterpe,Stanton,50.173,-172.259,115.271,https://starcitizen.tools/Bud%27s_Growery,0,1
Calhoun Pass Emergency Shelter,Emergency shelter,microTech,Stanton,938.116,-347.818,31.708,https://starcitizen.tools/Calhoun_Pass_Emergency_Shelter,0,1
Clear View Emergency Shelter,Emergency shelter,microTech,Stanton,-609.561,-688.363,393.203,https://starcitizen.tools/Clear_View_Emergency_Shelter,0,1
Cloudrest Retreat,Settlement,Crusader,Stanton,-7396.172,-1420.246,29.007,https://starcitizen.tools/Cloudrest_Retreat,1,1
Comm Array ST1-02,CommArray,Ita,Stanton,122.153,-475.821,24.000,https://starcitizen.tools/Comm_Array_ST1-02,1,1
Comm Array ST1-13,CommArray,Arial,Stanton,-78.760,505.628,24.000,https://starcitizen.tools/Comm_Array_ST1-13,1,1
Comm Array ST1-48,CommArray,Magda,Stanton,295.516,413.046,24.000,https://starcitizen.tools/Comm_Array_ST1-48,1,1
Comm Array ST1-61,CommArray,Hurston,Stanton,919.253,-771.345,24.000,https://starcitizen.tools/Comm_Array_ST1-61,1,1
Comm Array ST1-92,CommArray,Aberdeen,Stanton,-435.359,-45.214,24.000,https://starcitizen.tools/Comm_Array_ST1-92,1,1
Comm Array ST2-28,CommArray,Cellin,Stanton,242.244,347.193,24.000,https://starcitizen.tools/Comm_Array_ST2-28,1,1
Comm Array ST2-47,CommArray,Daymar,Stanton,-435.617,-146.996,24.000,https://starcitizen.tools/Comm_Array_ST2-47,1,1
Comm Array ST2-55,CommArray,Crusader,Stanton,-1387.917,8802.204,24.000,https://starcitizen.tools/Comm_Array_ST2-55,1,1
Comm Array ST2-76,CommArray,Yela,Stanton,150.336,-454.428,24.000,https://starcitizen.tools/Comm_Array_ST2-76,1,1
Comm Array ST3-18,CommArray,Lyria,Stanton,-382.727,33.034,24.000,https://starcitizen.tools/Comm_Array_ST3-18,1,1
Comm Array ST3-35,CommArray,Wala,Stanton,365.821,-257.408,24.000,https://starcitizen.tools/Comm_Array_ST3-35,1,1
Comm Array ST3-90,CommArray,ArcCorp,Stanton,758.384,-636.360,24.000,https://starcitizen.tools/Comm_Array_ST3-90,1,1
Comm Array ST4-22,CommArray,microTech,Stanton,-771.345,-919.253,24.000,https://starcitizen.tools/Comm_Array_ST4-22,1,1
Comm Array ST4-31,CommArray,Calliope,Stanton,189.547,354.905,24.000,https://starcitizen.tools/Comm_Array_ST4-31,1,1
Comm Array ST4-59,CommArray,Clio,Stanton,-318.257,390.837,24.000,https://starcitizen.tools/Comm_Array_ST4-59,1,1
Comm Array ST4-64,CommArray,Euterpe,Stanton,362.788,88.702,24.000,https://starcitizen.tools/Comm_Array_ST4-64,1,1
Connor's,Underground bunker,Yela,Stanton,-139.770,-254.310,118.129,https://starcitizen.tools/Connor%27s,1,1
Covalex Shipping Hub Gundo,Space station,Daymar,Stanton,-241.198,437.977,-300.000,https://starcitizen.tools/Covalex_Hub_Gundo,0,1
Cutter's Rig,Settlement,Hurston,Stanton,-455.119,-200.497,867.564,https://starcitizen.tools/Cutter%27s_Rig,,1
Deakins Research Outpost,Outpost,Yela,Stanton,231.587,-210.279,13.278,https://starcitizen.tools/Deakins_Research_Outpost,,1
Devlin Scrap & Salvage,Scrapyard,Euterpe,Stanton,14.506,211.267,25.886,https://starcitizen.tools/Devlin_Scrap_%26_Salvage,,1
Dunboro,Settlement,microTech,Stanton,-735.672,678.040,9.310,https://starcitizen.tools/Dunboro,,1
Dunlow Ridge Aid Shelter,Emergency shelter,Daymar,Stanton,-51.850,280.932,75.331,https://starcitizen.tools/Dunlow_Ridge_Aid_Shelter,0,1
Eager Flats Aid Shelter,Emergency shelter,Daymar,Stanton,200.545,-104.917,190.097,https://starcitizen.tools/Eager_Flats_Aid_Shelter,0,1
Echo Island,Outpost,Hurston,Stanton,-405.100,-275.110,-872.200,https://starcitizen.tools/Echo_Island,,0
Elsewhere,Underground bunker,Lyria,Stanton,207.832,-67.344,-50.273,https://starcitizen.tools/Elsewhere,1,1
Empyrean Park,Settlement,Crusader,Stanton,1090.108,7304.364,1509.818,https://starcitizen.tools/Empyrean_Park,1,1
Everus Harbor,Space station,Hurston,Stanton,-507.742,-903.464,496.489,https://starcitizen.tools/Everus_Harbor,0,1
Finn's Folly,Settlement,Hurston,Stanton,-196.592,-197.871,961.999,https://starcitizen.tools/Finn%27s_Folly,,1
Flanagan's Ravine Aid Shelter,Emergency shelter,Cellin,Stanton,-194.282,151.722,84.997,https://starcitizen.tools/Flanagan%27s_Ravine_Aid_Shelter,0,1
Frostbite,Settlement,microTech,Stanton,539.620,762.339,-361.448,https://starcitizen.tools/Frostbite_(settlement),0,0
Gallete Family Farms,Outpost,Cellin,Stanton,-89.471,106.717,220.041,https://starcitizen.tools/Gallete_Family_Farms,,1
Ghost Hollow,Settlement,microTech,Stanton,-127.194,982.004,149.145,https://starcitizen.tools/Ghost_Hollow,,1
Good Times Temple,Underground bunker,Wala,Stanton,-113.300,179.510,187.366,https://starcitizen.tools/Good_Times_Temple,,1
GrimHEX,Asteroid base,Yela,Stanton,-568.659,383.565,-2.042,https://starcitizen.tools/Grim_HEX,,1
Harper's Point,Settlement,microTech,Stanton,-687.373,716.613,128.227,https://starcitizen.tools/Harper%27s_Point,,1
HDES-Calthrope (NA),Cave,Hurston,Stanton,-203.376,-806.580,557.779,https://starcitizen.tools/HDES-Calthrope,,1
HDMO-Dobbs (NA),Cave,Aberdeen,Stanton,270.579,47.399,-11.404,https://starcitizen.tools/HDMO-Dobbs,,1
HDMS Anderson,Outpost,Aberdeen,Stanton,-26.950,180.221,206.879,https://starcitizen.tools/HDMS-Anderson,,1
HDMS Norgaard,Outpost,Aberdeen,Stanton,-141.572,195.318,132.098,https://starcitizen.tools/HDMS-Norgaard,,1
HDMS-Bezdek,Outpost,Arial,Stanton,26.735,-234.698,251.505,https://starcitizen.tools/HDMS-Bezdek,,1
HDMS-Edmond,Outpost,Hurston,Stanton,-284.480,-730.502,620.924,https://starcitizen.tools/HDMS-Edmond,,1
HDMS-Hadley,Outpost,Hurston,Stanton,626.167,-583.971,-518.485,https://starcitizen.tools/HDMS-Hadley,,1
HDMS-Hahn,Outpost,Magda,Stanton,-147.384,-292.217,95.247,https://starcitizen.tools/HDMS-Hahn,,1
HDMS-Lathan,Outpost,Arial,Stanton,339.193,33.686,55.843,https://starcitizen.tools/HDMS-Lathan,,1
HDMS-Oparei,Outpost,Hurston,Stanton,-556.126,-72.591,-828.071,https://starcitizen.tools/HDMS-Oparei,,1
HDMS-Perlman,Outpost,Magda,Stanton,-140.696,287.922,-116.688,https://starcitizen.tools/HDMS-Perlman,,1
HDMS-Pinewood,Outpost,Hurston,Stanton,985.564,90.029,149.896,https://starcitizen.tools/HDMS-Pinewood,,1
HDMS-Ryder,Outpost,Ita,Stanton,-175.874,-263.381,73.709,https://starcitizen.tools/HDMS-Ryder,,1
HDMS-Stanhope,Outpost,Hurston,Stanton,-648.608,198.313,735.121,https://starcitizen.tools/HDMS-Stanhope,,1
HDMS-Thedus,Outpost,Hurston,Stanton,443.322,891.525,101.509,https://starcitizen.tools/HDMS-Thedus,,1
HDMS-Woodruff,Outpost,Ita,Stanton,114.792,219.661,210.467,https://starcitizen.tools/HDMS-Woodruff,,1
HDSF-Adlai,Underground bunker,Hurston,Stanton,-236.846,-810.890,537.736,https://starcitizen.tools/HDSF-Adlai,,1
HDSF-Barnabas,Underground bunker,Hurston,Stanton,-895.864,365.595,-252.546,https://starcitizen.tools/HDSF-Barnabas,,1
HDSF-Breckinridge,Underground bunker,Hurston,Stanton,-557.599,680.528,-477.825,https://starcitizen.tools/HDSF-Breckinridge,,1
HDSF-Colfax,Underground bunker,Hurston,Stanton,902.272,383.795,-203.763,https://starcitizen.tools/HDSF-Colfax,,1
HDSF-Damaris,Underground bunker,Hurston,Stanton,-898.695,420.101,-141.747,https://starcitizen.tools/HDSF-Damaris,,1
HDSF-Elbridge,Underground bunker,Hurston,Stanton,449.413,838.666,310.624,https://starcitizen.tools/HDSF-Elbridge,,1
HDSF-Hendricks,Underground bunker,Hurston,Stanton,63.555,-969.070,-242.520,https://starcitizen.tools/HDSF-Hendricks,,1
HDSF-Hiram,Underground bunker,Hurston,Stanton,-942.480,-317.031,122.747,https://starcitizen.tools/HDSF-Hiram,,1
HDSF-Hobart,Underground bunker,Hurston,Stanton,-492.220,768.371,410.823,https://starcitizen.tools/HDSF-Hobart,,1
HDSF-Ishmael,Underground bunker,Hurston,Stanton,-266.171,-159.479,952.333,https://starcitizen.tools/HDSF-Ishmael,,1
HDSF-Millerand,Underground bunker,Hurston,Stanton,-847.551,517.597,126.804,https://starcitizen.tools/HDSF-Millerand,,1
HDSF-Palomar,Underground bunker,Hurston,Stanton,766.601,-74.225,-640.183,https://starcitizen.tools/HDSF-Palomar,,1
HDSF-Rufus,Underground bunker,Hurston,Stanton,-64.794,11.531,-998.425,https://starcitizen.tools/HDSF-Rufus,,1
HDSF-Sherman,Underground bunker,Hurston,Stanton,899.380,-406.057,168.518,https://starcitizen.tools/HDSF-Sherman,,1
HDSF-Tamar,Underground bunker,Hurston,Stanton,121.122,-810.963,-573.527,https://starcitizen.tools/HDSF-Tamar,,1
HDSF-Tompkins,Underground bunker,Hurston,Stanton,374.762,724.551,579.815,https://starcitizen.tools/HDSF-Tompkins,,1
HDSF-Zacharias,Underground bunker,Hurston,Stanton,249.567,398.572,-884.801,https://starcitizen.tools/HDSF-Zacharias,,1
Hickes Research Outpost,Outpost,Cellin,Stanton,3.270,13.091,-260.316,https://starcitizen.tools/Hickes_Research_Outpost,,1
Humboldt Mines,Outpost,Lyria,Stanton,5.311,-193.819,-112.545,https://starcitizen.tools/Humboldt_Mines,,1
Javelin Wreck (UEES Flyssa),Shipwreck,Daymar,Stanton,102.055,267.619,-70.856,https://starcitizen.tools/UEES_Flyssa,,0
Julep Ravine Aid Shelter,Emergency shelter,Cellin,Stanton,-111.528,-56.297,-228.950,https://starcitizen.tools/Julep_Ravine_Aid_Shelter,,1
Jumptown,Outpost,Daymar,Stanton,80.440,242.720,-147.630,https://starcitizen.tools/Jumptown,,1
Klescher Rehabilitation Facility,Prison,Aberdeen,Stanton,44.975,221.563,-156.583,https://starcitizen.tools/Klescher_Rehabilitation_Facility_(Aberdeen),,1
Kosso Basin Aid Shelter,Emergency shelter,Yela,Stanton,-31.289,-118.130,288.314,https://starcitizen.tools/Kosso_Basin_Aid_Shelter,,1
Kudre Ore,Outpost,Daymar,Stanton,146.617,-177.093,-184.862,https://starcitizen.tools/Kudre_Ore,,1
Kudre Ore Mine (Closed),Cave,Daymar,Stanton,81.008,-280.683,43.649,https://starcitizen.tools/Kudre_Ore_Mine,,1
Launch Pad,Underground bunker,Lyria,Stanton,-213.840,-65.163,16.508,https://starcitizen.tools/Launch_Pad,,1
Lorville,Landing zone,Hurston,Stanton,-328.989,-752.435,572.120,https://starcitizen.tools/Lorville,,1
Lost and Found,Underground bunker,Wala,Stanton,62.556,114.330,251.559,https://starcitizen.tools/Lost_and_Found,,1
Loveridge Mineral Reserve,Outpost,Lyria,Stanton,181.800,128.166,24.940,https://starcitizen.tools/Loveridge_Mineral_Reserve,,1
Ludlow,Settlement,Hurston,Stanton,-878.668,-467.858,111.091,https://starcitizen.tools/Ludlow,,1
Maker's Point,Settlement,Hurston,Stanton,-154.007,128.325,979.766,https://starcitizen.tools/Maker%27s_Point,,1
Miner's Lament,Racetrack,Yela,Stanton,-488.234,519.158,3.846,https://starcitizen.tools/Miner%E2%80%99s_Lament,,0
Mogote Aid Shelter,Emergency shelter,Cellin,Stanton,-198.664,50.790,160.875,https://starcitizen.tools/Mogote_Aid_Shelter,,1
Moreland Hills,Settlement,microTech,Stanton,-665.088,726.918,178.064,https://starcitizen.tools/Moreland_Hills,0,0
MT DataCenter 2UB-RB9-5,Underground bunker,microTech,Stanton,907.002,139.908,-397.662,https://starcitizen.tools/MT_DataCenter_2UB-RB9-5,1,1
MT DataCenter 4HJ-LVE-A,Underground bunker,microTech,Stanton,-100.841,962.407,-255.721,https://starcitizen.tools/MT_DataCenter_4HJ-LVE-A,1,1
MT DataCenter 5WQ-R2V-C,Underground bunker,microTech,Stanton,959.880,40.295,-279.073,https://starcitizen.tools/MT_DataCenter_5WQ-R2V-C,1,1
MT DataCenter 8FK-Q2X-K,Underground bunker,microTech,Stanton,22.397,2.905,-1000.725,https://starcitizen.tools/MT_DataCenter_8FK-Q2X-K,1,1
MT DataCenter D79-ECG-R,Underground bunker,microTech,Stanton,200.928,308.740,-929.820,https://starcitizen.tools/MT_DataCenter_D79-ECG-R,1,1
MT DataCenter E2Q-NSG-Y,Underground bunker,microTech,Stanton,916.832,187.159,-354.144,https://starcitizen.tools/MT_DataCenter_E2Q-NSG-Y,1,1
MT DataCenter KH3-AAE-L,Underground bunker,microTech,Stanton,-468.928,801.473,-375.316,https://starcitizen.tools/MT_DataCenter_KH3-AAE-L,1,1
MT DataCenter L8P-JUC-8 (offline),Underground bunker,microTech,Stanton,-86.563,218.560,-972.070,https://starcitizen.tools/MT_DataCenter_L8P-JUC-8_(offline),1,1
MT DataCenter QVX-J88-J,Underground bunker,microTech,Stanton,-247.945,892.699,-379.678,https://starcitizen.tools/MT_DataCenter_QVX-J88-J,1,1
MT DataCenter TMG-XEV-2,Underground bunker,microTech,Stanton,-160.992,62.442,985.998,https://starcitizen.tools/MT_DataCenter_TMG-XEV-2,1,1
Nakamura Valley Aid Shelter,Emergency shelter,Yela,Stanton,-275.722,124.074,81.717,https://starcitizen.tools/Nakamura_Valley_Aid_Shelter,0,1
New Babbage,Landing zone,microTech,Stanton,520.723,419.364,743.655,https://starcitizen.tools/New_Babbage,0,1
NT-999-XV,Underground bunker,Cellin,Stanton,146.849,135.264,167.452,https://starcitizen.tools/NT-999-XV,,1
NT-999-XVI,Underground bunker,Daymar,Stanton,250.895,154.055,-24.263,https://starcitizen.tools/NT-999-XVI,,1
NT-999-XX,Outpost,Yela,Stanton,-205.659,-73.988,224.325,https://starcitizen.tools/NT-999-XX,,1
NT-999-XXII,Underground bunker,Yela,Stanton,54.565,55.939,-303.344,https://starcitizen.tools/NT-999-XXII,,1
Nuen Waste Management,Outpost,Daymar,Stanton,-18.943,293.341,25.478,https://starcitizen.tools/Nuen_Waste_Management,,1
Nuiqsut Emergency Shelter,Emergency shelter,microTech,Stanton,750.613,-207.852,-627.225,https://starcitizen.tools/Nuiqsut_Emergency_Shelter,,1
Operations Depot Lyria 1,Underground bunker,Lyria,Stanton,-147.804,-17.445,167.340,,,0
Orison,Landing zone,Crusader,Stanton,5295.517,-863.194,5282.237,https://starcitizen.tools/Orison,0,1
Outpost 54,Outpost,microTech,Stanton,113.566,14.479,-994.363,https://starcitizen.tools/Outpost_54,,1
Paradise Cove,Outpost,Wala,Stanton,79.980,-217.910,162.330,https://starcitizen.tools/Paradise_Cove,,1
Picker's Field,Settlement,Hurston,Stanton,-679.766,262.266,-686.080,https://starcitizen.tools/Picker%27s_Field,,1
Point Wain Emergency Shelter,Emergency shelter,microTech,Stanton,-627.441,-485.258,611.733,https://starcitizen.tools/Point_Wain_Emergency_Shelter,,1
Port Tressler,Space station,microTech,Stanton,561.471,545.853,808.832,https://starcitizen.tools/Port_Tressler,,1
PRIVATE PROPERTY,Outpost,Cellin,Stanton,97.749,-173.764,167.078,https://starcitizen.tools/Stash_House_(Cellin),,0
Prospect Point,Settlement,Crusader,Stanton,3254.279,-1225.248,6683.686,https://starcitizen.tools/Prospect_Point,,1
Rappel,Settlement,Hurston,Stanton,352.952,-661.890,663.889,https://starcitizen.tools/Rappel,,1
Raven's Roost,Outpost,microTech,Stanton,355.900,-75.590,932.650,https://starcitizen.tools/Raven%27s_Roost,,1
Rayari Anvik Research Outpost,Outpost,Calliope,Stanton,-184.632,-127.794,84.724,https://starcitizen.tools/Rayari_Anvik_Research_Outpost,,1
Rayari Cantwell Research Outpost,Outpost,Clio,Stanton,-217.175,215.278,142.842,https://starcitizen.tools/Rayari_Cantwell_Research_Outpost,,1
Rayari Deltana Research Outpost,Outpost,microTech,Stanton,-693.910,-648.299,316.681,https://starcitizen.tools/Rayari_Deltana_Research_Outpost,,1
Rayari Kaltag Research Outpost,Outpost,Calliope,Stanton,205.267,6.261,-124.485,https://starcitizen.tools/Rayari_Kaltag_Research_Outpost,,1
Rayari McGrath Research Outpost,Outpost,Clio,Stanton,-325.904,-85.713,-18.786,https://starcitizen.tools/Rayari_McGrath_Research_Outpost,,1
Razor's Edge,Settlement,microTech,Stanton,-666.067,726.221,179.518,https://starcitizen.tools/Razor%27s_Edge,0,0
Reclamation & Disposal Orinth,Scrapyard,Hurston,Stanton,1.141,-794.276,607.652,https://starcitizen.tools/Reclamation_%26_Disposal_Orinth,,1
Samson & Son's Salvage Center,Scrapyard,Wala,Stanton,-42.545,279.059,19.438,https://starcitizen.tools/Samson_%26_Son%27s_Salvage_Center,,1
Security Post Criska,Underground bunker,Cellin,Stanton,252.518,62.917,13.988,https://starcitizen.tools/Security_Post_Criska,,1
Security Post Dipur,Underground bunker,Cellin,Stanton,197.594,57.562,-160.055,https://starcitizen.tools/Security_Post_Dipur,,1
Security Post Kareah,Space station,Cellin,Stanton,11.620,-419.839,200.000,https://starcitizen.tools/Security_Post_Kareah,,1
Security Post Lespin,Underground bunker,Cellin,Stanton,-214.293,-149.184,4.123,https://starcitizen.tools/Security_Post_Lespin,,1
Security Post Moluto,Underground bunker,Daymar,Stanton,188.858,33.746,-224.163,https://starcitizen.tools/Security_Post_Moluto,,1
Security Post Opal,Underground bunker,Yela,Stanton,241.073,96.291,-175.019,https://starcitizen.tools/Security_Post_Opal,,1
Security Post Prashad,Underground bunker,Daymar,Stanton,-223.887,65.623,180.749,https://starcitizen.tools/Security_Post_Prashad,,1
Security Post Thaquray,Underground bunker,Daymar,Stanton,-6.981,-89.665,281.360,https://starcitizen.tools/Security_Post_Thaquray,,1
Security Post Wan,Underground bunker,Yela,Stanton,-208.367,53.166,-227.454,https://starcitizen.tools/Security_Post_Wan,,1
Seraphim Station,Space station,Crusader,Stanton,5876.098,-1384.207,5565.883,https://starcitizen.tools/Seraphim_Station,,1
Shady Glen Farms,Outpost,Wala,Stanton,-20.622,268.985,87.534,https://starcitizen.tools/Shady_Glen_Farms,,1
Shubin Mining Facility SAL-2,Outpost,Lyria,Stanton,150.636,-53.619,156.668,https://starcitizen.tools/Shubin_Mining_Facility_SAL-2,,1
Shubin Mining Facility SAL-5,Outpost,Lyria,Stanton,98.070,78.361,185.821,https://starcitizen.tools/Shubin_Mining_Facility_SAL-5,,1
Shubin Mining Facility SCD-1,Outpost,Daymar,Stanton,126.025,-149.581,221.253,https://starcitizen.tools/Shubin_Mining_Facility_SCD-1,,1
Shubin Mining Facility SM0-10,Outpost,microTech,Stanton,85.476,-950.856,298.799,https://starcitizen.tools/Shubin_Mining_Facility_SM0-10,,1
Shubin Mining Facility SM0-13,Outpost,microTech,Stanton,-172.819,-981.308,97.767,https://starcitizen.tools/Shubin_Mining_Facility_SM0-13,,1
Shubin Mining Facility SM0-18,Outpost,microTech,Stanton,920.210,-389.542,43.837,https://starcitizen.tools/Shubin_Mining_Facility_SM0-18,,1
Shubin Mining Facility SM0-22,Outpost,microTech,Stanton,24.299,-822.591,568.174,https://starcitizen.tools/Shubin_Mining_Facility_SM0-22,,1
Shubin Mining Facility SMCa-6,Outpost,Calliope,Stanton,50.066,233.437,24.936,https://starcitizen.tools/Shubin_Mining_Facility_SMCa-6,,1
Shubin Mining Facility SMCa-8,Outpost,Calliope,Stanton,160.166,168.987,-58.400,https://starcitizen.tools/Shubin_Mining_Facility_SMCa-8,,1
Shubin Processing Facility SPAL-12,Underground bunker,Lyria,Stanton,-173.503,124.810,66.784,https://starcitizen.tools/Shubin_Processing_Facility_SPAL-12,,1
Shubin Processing Facility SPAL-16,Underground bunker,Lyria,Stanton,-40.101,-66.263,209.892,https://starcitizen.tools/Shubin_Processing_Facility_SPAL-16,,1
Shubin Processing Facility SPAL-21,Underground bunker,Lyria,Stanton,-19.527,13.462,222.716,https://starcitizen.tools/Shubin_Processing_Facility_SPAL-21,,1
Shubin Processing Facility SPAL-3,Underground bunker,Lyria,Stanton,-208.404,11.275,-81.322,https://starcitizen.tools/Shubin_Processing_Facility_SPAL-3,,1
Shubin Processing Facility SPAL-7,Underground bunker,Lyria,Stanton,37.914,-126.142,181.387,https://starcitizen.tools/Shubin_Processing_Facility_SPAL-7,,1
Shubin Processing Facility SPAL-9,Underground bunker,Lyria,Stanton,146.676,-169.035,8.340,https://starcitizen.tools/Shubin_Processing_Facility_SPAL-9,,1
Shubin Processing Facility SPMC-1,Underground bunker,Calliope,Stanton,231.078,-34.373,-55.893,https://starcitizen.tools/Shubin_Processing_Facility_SPMC-1,,1
Shubin Processing Facility SPMC-10,Underground bunker,Calliope,Stanton,-222.726,-74.372,-49.719,https://starcitizen.tools/Shubin_Processing_Facility_SPMC-10,,1
Shubin Processing Facility SPMC-11,Underground bunker,Calliope,Stanton,72.393,-187.928,130.918,https://starcitizen.tools/Shubin_Processing_Facility_SPMC-11,,1
Shubin Processing Facility SPMC-14,Underground bunker,Calliope,Stanton,228.587,-21.222,71.196,https://starcitizen.tools/Shubin_Processing_Facility_SPMC-14,,1
Shubin Processing Facility SPMC-3,Underground bunker,Calliope,Stanton,239.598,-11.458,8.683,https://starcitizen.tools/Shubin_Processing_Facility_SPMC-3,,1
Shubin Processing Facility SPMC-5,Underground bunker,Calliope,Stanton,-229.991,66.814,19.274,https://starcitizen.tools/Shubin_Processing_Facility_SPMC-5,,1
Sketto Rock,Landmark,Magda,Stanton,-335.013,45.699,50.233,https://starcitizen.tools/Sketto_rock,,0
Snake Pit,Racetrack,Clio,Stanton,-327.835,-78.887,-13.657,https://starcitizen.tools/The_Snake_Pit,,0
Talarine Divide Aid Shelter,Emergency shelter,Yela,Stanton,-21.221,310.790,30.932,https://starcitizen.tools/Talarine_Divide_Aid_Shelter,,1
Tamdon Plains Aid Shelter,Emergency shelter,Daymar,Stanton,-138.114,-24.463,-259.849,https://starcitizen.tools/Tamdon_Plains_Aid_Shelter,,1
Teddy's Playhouse,Underground bunker,Lyria,Stanton,95.429,160.940,-122.846,https://starcitizen.tools/Teddy%27s_Playhouse,,1
Terra Mills HydroFarm,Outpost,Cellin,Stanton,100.137,27.701,239.024,https://starcitizen.tools/Terra_Mills_HydroFarm,,1
Test Facility Octagon,Landmark,microTech,Stanton,635.765,-155.464,758.837,https://starcitizen.tools/Test_Facility_Octagon,,0
The Garden,Underground bunker,Daymar,Stanton,-175.970,146.723,186.026,https://starcitizen.tools/The_Garden,,1
The Icebreaker,Racetrack,Euterpe,Stanton,-42.101,198.111,66.582,https://starcitizen.tools/The_Icebreaker,,.
The Necropolis,Outpost,microTech,Stanton,63.643,-162.085,985.651,https://starcitizen.tools/The_Necropolis,,1
The Orphanage,Outpost,Lyria,Stanton,-91.990,92.484,182.182,https://starcitizen.tools/The_Orphanage,,1
The Pit,Underground bunker,Lyria,Stanton,59.094,68.115,204.997,https://starcitizen.tools/The_Pit,,1
TPF,Underground bunker,Daymar,Stanton,37.248,203.877,-209.981,https://starcitizen.tools/TPF,,1
Tram & Myers Mining,Outpost,Cellin,Stanton,-241.164,2.396,-98.700,https://starcitizen.tools/Tram_%26_Myers_Mining,,1
Utopia,Outpost,Yela,Stanton,-0.173,-1.851,-313.080,https://starcitizen.tools/Utopia,,1
Weeping Cove,Settlement,Hurston,Stanton,-455.172,-202.318,867.424,https://starcitizen.tools/Weeping_Cove,,1
Wheeler's,Underground bunker,Lyria,Stanton,-53.370,-209.900,-57.123,https://starcitizen.tools/Wheeler%27s,,1
Whistler's Crypt,Settlement,Daymar,Stanton,182.262,222.629,65.625,https://starcitizen.tools/Whistlers_Crypt,,1
Wolf Point Aid Shelter,Emergency shelter,Daymar,Stanton,-4.420,279.067,95.733,https://starcitizen.tools/Wolf_Point_Aid_Shelter,,1
Yadar Valley,Racetrack,Daymar,Stanton,-171.798,157.576,181.015,https://starcitizen.tools/Yadar_Valley,,0
Zephyr,Settlement,Hurston,Stanton,108.160,-133.662,986.694,https://starcitizen.tools/Zephyr_(settlement),,1
Green Glade Station,Space station,HUR-L1,Stanton,-3998.772,-262.923,-484.614,https://starcitizen.tools/HUR-L1_Green_Glade_Station,,1
Faithful Dream Station,Space station,HUR-L2,Stanton,4132.735,-1967.278,-527.794,https://starcitizen.tools/HUR-L2_Faithful_Dream_Station,,1
Thundering Express Station,Space station,HUR-L3,Stanton,5714.049,-1553.263,1335.043,https://starcitizen.tools/HUR-L3_Thundering_Express_Station,,1
Melodic Fields Station,Space station,HUR-L4,Stanton,2399.289,-4056.976,666.284,https://starcitizen.tools/HUR-L4_Melodic_Fields_Station,,1
High Course Station,Space station,HUR-L5,Stanton,495.237,461.677,-842.035,https://starcitizen.tools/HUR-L5_High_Course_Station,,1
Ambitious Dream Station,Space station,CRU-L1,Stanton,-2796.345,-1018.273,-20.044,https://starcitizen.tools/CRU-L1_Ambitious_Dream_Station,,1
Shallow Fields Station,Space station,CRU-L4,Stanton,-599.667,4147.668,-2174.784,https://starcitizen.tools/CRU-L4_Shallow_Fields_Station,,1
Beautiful Glen Station,Space station,CRU-L5,Stanton,3996.779,1989.649,-2796.441,https://starcitizen.tools/CRU-L5_Beautiful_Glen_Station,,1
Wide Forest Station,Space station,ARC-L1,Stanton,99.665,-5027.672,2230.135,https://starcitizen.tools/ARC-L1_Wide_Forest_Station,,1
Lively Pathway Station,Space station,ARC-L2,Stanton,,,,https://starcitizen.tools/ARC-L2_Lively_Pathway_Station,,1
Modern Express Station,Space station,ARC-L3,Stanton,,,,https://starcitizen.tools/ARC-L3_Modern_Express_Station,,1
Faint Glen Station,Space station,ARC-L4,Stanton,,,,https://starcitizen.tools/ARC-L4_Faint_Glen_Station,,1
Yellow Core Station,Space station,ARC-L5,Stanton,,,,https://starcitizen.tools/ARC-L5_Yellow_Core_Station,,1
INS Jericho,Space station,MIC-L1,Stanton,27928.773,1329.828,-17086.343,https://starcitizen.tools/INS_Jericho,,0
Shallow Frontier Station,Space station,MIC-L1,Stanton,3.031,4.510,-0.943,https://starcitizen.tools/MIC-L1_Shallow_Frontier_Station,,1
Long Forest Station,Space station,MIC-L2,Stanton,,,,https://starcitizen.tools/MIC-L2_Long_Forest_Station,,1
Endless Odyssey Station,Space station,MIC-L3,Stanton,,,,https://starcitizen.tools/MIC-L3_Endless_Odyssey_Station,,1
Red Crossroads Station,Space station,MIC-L4,Stanton,,,,https://starcitizen.tools/MIC-L4_Red_Crossroads_Station,,1
Modern Icarus Station,Space station,MIC-L5,Stanton,,,,https://starcitizen.tools/MIC-L5_Modern_Icarus_Station,,1
Pyro Gateway (Stanton),Space Station,Stanton-Pyro JP,Stanton,5.177,12.905,-36.674,https://starcitizen.tools/Pyro_Gateway,,1
Magnus Gateway (Stanton),Space Station,Stanton-Magnus JP,Stanton,,,,https://starcitizen.tools/Magnus_Gateway,,1
Terra Gateway (Stanton),Space Station,Stanton-Terra JP,Stanton,,,,https://starcitizen.tools/Terra_Gateway,,1
Covalex Distribution Centre S1DC06,Distribution center,Hurston,Stanton,742.847,15.480,671.074,https://starcitizen.tools/Covalex_Distribution_Centre_S1DC06,,1
Dupree Industrial Manufacturing Facility,Distribution center,Hurston,Stanton,239.426,-969.806,68.635,https://starcitizen.tools/Dupree_Industrial_Manufacturing_Facility,,1
Greycat Stanton I Production Complex-B,Distribution center,Hurston,Stanton,-407.457,-656.296,636.322,https://starcitizen.tools/Greycat_Stanton_I_Production_Complex-B,,1
HDPC-Cassillo,Distribution center,Hurston,Stanton,-789.716,615.354,-2.353,https://starcitizen.tools/HDPC-Cassillo,,1
HDPC-Farnesway,Distribution center,Hurston,Stanton,129.223,63.888,989.575,https://starcitizen.tools/HDPC-Farnesway,,1
Sakura Sun Magnolia Workcenter,Distribution center,Hurston,Stanton,-229.373,-864.793,-446.960,https://starcitizen.tools/Sakura_Sun_Magnolia_Workcenter,,1
Covalex Distribution Centre S4DC05,Distribution center,microTech,Stanton,-332.505,897.834,-290.234,https://starcitizen.tools/Covalex_Distribution_Centre_S4DC05,,1
Cry-Astro Processing Plant 19-02,Distribution center,microTech,Stanton,584.139,-0.789,812.169,https://starcitizen.tools/Cry-Astro_Processing_Plant_19-02,,1
Cry-Astro Processing Plant 34-12,Distribution center,microTech,Stanton,-316.285,-882.040,-350.639,https://starcitizen.tools/Cry-Astro_Processing_Plant_34-12,,1
Greycat Stanton IV Production Complex-A,Distribution center,microTech,Stanton,-423.347,-141.169,-895.145,https://starcitizen.tools/Greycat_Stanton_IV_Production_Complex-A,,1
MicroTech Logistics Depot S4LD01,Distribution center,microTech,Stanton,884.615,467.868,-19.153,https://starcitizen.tools/MicroTech_Logistics_Depot_S4LD01,,1
MicroTech Logistics Depot S4LD13,Distribution center,microTech,Stanton,843.838,-179.535,505.834,https://starcitizen.tools/MicroTech_Logistics_Depot_S4LD13,,1
Sakura Sun Goldenrod Workcenter,Distribution center,microTech,Stanton,-173.422,-923.630,-343.265,https://starcitizen.tools/Sakura_Sun_Goldenrod_Workcenter,,1
Rustville,Settlement,Pyro I,Pyro,-195.852,-319.059,170.820,https://starcitizen.tools/Rustville,,1
Stag's Rut,Settlement,Pyro I,Pyro,-383.466,106.780,-103.639,https://starcitizen.tools/Stag%27s_Rut,,1
Arid Reach,Settlement,Monox,Pyro,-6.319,521.280,-92.750,https://starcitizen.tools/Arid_Reach,,1
Last Ditch,Settlement,Monox,Pyro,-143.491,-34.931,508.706,https://starcitizen.tools/Last_Ditch,,1
Jackson's Swap,Settlement,Monox,Pyro,383.115,-245.830,-272.467,https://starcitizen.tools/Jackson%27s_Swap,,1
Ostler's Claim,Settlement,Monox,Pyro,509.445,-54.407,-136.104,https://starcitizen.tools/Ostler%27s_Claim,,1
Sunset Mesa,Scrapyard,Monox,Pyro,373.540,-262.716,-269.591,https://starcitizen.tools/Sunset_Mesa,,1
Yang's Place,Settlement,Monox,Pyro,461.485,-124.623,-229.886,https://starcitizen.tools/Yang%27s_Place,,1
Bueno Ravine,Settlement,Bloom,Pyro,171.298,-373.375,-57.521,https://starcitizen.tools/Bueno_Ravine,,1
Carver's Ridge,Settlement,Bloom,Pyro,196.206,-361.924,-48.106,https://starcitizen.tools/Carver%27s_Ridge,,1
Frigid Knot,Settlement,Bloom,Pyro,230.664,23.844,-342.910,https://starcitizen.tools/Frigid_Knot,,
Narena's Rest,Settlement,Bloom,Pyro,-395.485,122.932,-11.780,https://starcitizen.tools/Narena%27s_Rest,,1
Orbituary,Space station,Bloom,Pyro,379.850,-718.724,226.044,https://starcitizen.tools/Orbituary,,1
Shadowfall,Settlement,Bloom,Pyro,-91.695,399.585,-57.006,https://starcitizen.tools/Shadowfall,,1
Shepherd's Rest,Settlement,Bloom,Pyro,29.434,359.999,-202.126,https://starcitizen.tools/Shepherd%27s_Rest,,1
The Golden Riviera,Settlement,Bloom,Pyro,-384.469,153.328,5.799,https://starcitizen.tools/The_Golden_Riviera,,1
The Yard,Settlement,Bloom,Pyro,343.854,188.822,132.066,https://starcitizen.tools/The_Yard,,1
Windfall,Settlement,Bloom,Pyro,129.791,-393.570,-12.215,https://starcitizen.tools/Windfall,,1
Chawla's Beach,Settlement,Pyro IV,Pyro,-244.780,-86.153,189.634,https://starcitizen.tools/Chawla%27s_Beach,,1
Fallow Field,Settlement,Pyro IV,Pyro,68.328,-176.526,262.250,https://starcitizen.tools/Fallow_Field,,1
Goner's Deal,Settlement,Pyro IV,Pyro,104.786,-151.985,265.305,https://starcitizen.tools/Goner%27s_Deal,,1
Sacren's Plot,Settlement,Pyro IV,Pyro,-236.427,-97.750,194.621,https://starcitizen.tools/Sacren%27s_Plot,,1
Ashland,Settlement,Ignis,Pyro,-292.470,-25.566,265.630,https://starcitizen.tools/Ashland,,1
Kabir's Post,Settlement,Ignis,Pyro,-155.802,347.945,108.787,https://starcitizen.tools/Kabir%27s_Post,,
Prophet's Peak,Settlement,Adir,Pyro,-234.185,-328.845,154.695,https://starcitizen.tools/Prophet%27s_Peak,,1
Seer's Canyon,Settlement,Vatra,Pyro,83.985,337.165,-119.605,https://starcitizen.tools/Seer%27s_Canyon,,
Blackrock Exchange,Settlement,Terminus,Pyro,-211.807,190.954,-31.482,https://starcitizen.tools/Blackrock_Exchange,,1
Bullock's Reach,Settlement,Terminus,Pyro,269.893,9.428,-93.113,https://starcitizen.tools/Bullock%27s_Reach,,
Canard View,Settlement,Terminus,Pyro,-199.995,179.150,-102.070,https://starcitizen.tools/Canard_View,,1
Kinder Plots,Settlement,Terminus,Pyro,-256.764,51.878,-115.526,https://starcitizen.tools/Kinder_Plots,,1
Last Landings,Settlement,Terminus,Pyro,-284.620,-12.703,-7.854,https://starcitizen.tools/Last_Landings,,1
Rough Landing,Settlement,Terminus,Pyro,-198.809,-188.787,77.973,https://starcitizen.tools/Rough_Landing,,1
Ruin Station,Space station,Terminus,Pyro,-315.346,302.409,-100.478,https://starcitizen.tools/Ruin_Station,,1
Scarper's Turn,Settlement,Terminus,Pyro,-282.325,39.306,0.249,https://starcitizen.tools/Scarper%27s_Turn,,1
Stonetree,Settlement,Terminus,Pyro,-259.098,38.135,-115.813,https://starcitizen.tools/Stonetree,,1
Supply Gap,Settlement,Terminus,Pyro,,,,https://starcitizen.tools/Supply_Gap,,1
Checkmate,Space station,PYR2 L4,Pyro,-11023.456,-25541.331,2571.421,https://starcitizen.tools/Checkmate_Station,,1
Starlight Service Station,Space station,PYR3 L1,Pyro,10322.792,5095.130,926.786,https://starcitizen.tools/Starlight_Service_Station,,1
Patch City,Space station,PYR3 L3,Pyro,-13180.845,-18009.953,352.020,https://starcitizen.tools/Patch_City,,1
Gaslight,Space station,PYR5 L2,Pyro,46513574.526,-8201358.903,0.000,https://starcitizen.tools/Gaslight,,1
Rod's Fuel 'N Supplies,Space station,PYR5 L4,Pyro,14685416.672,40347900.081,0.000,https://starcitizen.tools/Rod%27s_Fuel_%27N_Supplies,,
Rat's Nest,Space station,PYR5 L5,Pyro,3742466.610,-42773928.702,0.000,https://starcitizen.tools/Rat%27s_Nest,,
Endgame,Space station,PYR6 L3,Pyro,48311253.893,48311302.761,0.000,https://starcitizen.tools/Endgame,,1
Dudley & Daughters,Space station,PYR6 L4,Pyro,23368016.469,-64202027.675,0.000,https://starcitizen.tools/Dudley_%26_Daughters,,
Megumi Refueling,Space station,PYR6 L5,Pyro,-59169086.144,34161126.286,0.000,https://starcitizen.tools/Megumi_Refueling,,
Cluster TYS-098,Asteroid cluster,Pyro,Pyro,185257.941,-13368350.038,400165.012,,,
Cluster NBD-102,Asteroid cluster,Pyro,Pyro,-7782683.667,6366491.074,-77598.676,,,
Cluster PQE-291,Asteroid cluster,Pyro,Pyro,-6309131.422,19868311.627,999999.954,,,
Cluster WDH-387,Asteroid cluster,Pyro,Pyro,53401737.091,14833652.335,50000.000,,,
Cluster CAJ-445,Asteroid cluster,Pyro,Pyro,-33245871.862,50107430.255,-397575.997,,,
Cluster BGR-560,Asteroid cluster,Pyro,Pyro,31060816.949,51561358.118,-700000.000,,,
Cluster SGL-693,Asteroid cluster,Pyro,Pyro,472433.061,69578388.902,400000.000,,,
Cluster KKE-717,Asteroid cluster,Pyro,Pyro,41914182.728,-26016994.532,-579237.421,,,
Cluster MNK-833,Asteroid cluster,Pyro,Pyro,-43104553.578,-36470412.132,608395.020,,,
Cluster JWY-925,Asteroid cluster,Pyro,Pyro,-36539136.576,864367.042,-727088.911,,,
Cluster SZA-178,Asteroid cluster,Pyro,Pyro,2071924.827,32443872.991,-859087.839,,,
Cluster HJS-232,Asteroid cluster,Pyro,Pyro,27921212.509,-53145421.955,-468366.028,,,
Cluster RSC-340,Asteroid cluster,Pyro,Pyro,41078539.091,-5723329.713,376521.068,,,
Cluster DLO-486,Asteroid cluster,Pyro,Pyro,-25656573.251,-65291615.732,919788.503,,,
Cluster EMM-567,Asteroid cluster,Pyro,Pyro,-8797768.932,-29887494.213,-370709.270,,,
Cluster VUP-613,Asteroid cluster,Pyro,Pyro,13231304.188,1899907.887,-473828.900,,,
Cluster FSN-704,Asteroid cluster,Pyro,Pyro,-7247934.547,1687333.596,818102.000,,,
Cluster GRP-839,Asteroid cluster,Pyro,Pyro,42493963.179,-7299067.277,-525692.200,,,
Cluster LHB-976,Asteroid cluster,Pyro,Pyro,-64401229.502,-12273553.672,557357.000,,,
Cluster YKA-011,Asteroid cluster,Pyro,Pyro,42129731.379,-7502954.130,-715878.000,,,
Broken Patch,Forward operating base,Hurston,Stanton,-740.150,-401.507,-543.923,https://starcitizen.tools/Broken_Patch,,
Lowdown,Forward operating base,Hurston,Stanton,-93.423,890.632,-448.814,https://starcitizen.tools/Lowdown,,
Rico's Remains,Forward operating base,Hurston,Stanton,-118.731,-23.754,993.786,https://starcitizen.tools/Rico%27s_Remains,,
Trilo,Forward operating base,Hurston,Stanton,421.159,-901.888,115.085,https://starcitizen.tools/Trilo,,
The Dregs,Forward operating base,Arial,Stanton,143.735,-232.741,210.212,https://starcitizen.tools/The_Dregs,,
Smokestack,Forward operating base,Arial,Stanton,-311.896,-147.411,-10.655,https://starcitizen.tools/Smokestack,,
Coven,Forward operating base,Arial,Stanton,134.643,285.357,-139.695,https://starcitizen.tools/Coven,,
Boondoggle,Forward operating base,Aberdeen,Stanton,134.849,-191.270,-144.287,https://starcitizen.tools/Boondoggle,,
The Grove,Forward operating base,Aberdeen,Stanton,-187.075,169.927,-108.364,https://starcitizen.tools/The_Grove,,
Nevermind,Forward operating base,Magda,Stanton,-214.094,-180.366,194.506,https://starcitizen.tools/Nevermind,,
Gonzo,Forward operating base,Magda,Stanton,315.109,-86.768,-96.936,https://starcitizen.tools/Gonzo,,
Thimblerig,Forward operating base,Ita,Stanton,-215.660,-147.318,-193.859,https://starcitizen.tools/Thimblerig,,
The Shades,Forward operating base,Ita,Stanton,167.705,231.211,-155.324,https://starcitizen.tools/The_Shades,,
Stone's Throw,Forward operating base,Cellin,Stanton,-187.393,-71.585,-166.115,https://starcitizen.tools/Stone%27s_Throw,,
Fetch,Forward operating base,Cellin,Stanton,241.761,-47.094,-84.846,https://starcitizen.tools/Fetch,,
The Hollows,Forward operating base,Cellin,Stanton,2.938,201.304,165.520,https://starcitizen.tools/The_Hollows,,
Consumption,Forward operating base,Cellin,Stanton,64.288,-237.509,85.093,https://starcitizen.tools/Consumption,,
Minlo Spire,Forward operating base,Daymar,Stanton,32.019,-203.544,211.215,https://starcitizen.tools/Minlo_Spire,,
Wailing Rock,Forward operating base,Daymar,Stanton,291.271,14.332,44.391,https://starcitizen.tools/Wailing_Rock,,
Hospice,Forward operating base,Daymar,Stanton,-9.001,71.718,-286.520,https://starcitizen.tools/Hospice,,
Half Stack,Forward operating base,Yela,Stanton,241.301,-10.196,-199.123,https://starcitizen.tools/Half_Stack,,
Rolo's Crater,Forward operating base,Yela,Stanton,-124.437,-191.255,-214.861,https://starcitizen.tools/Rolo%27s_Crater,,
Mainline,Forward operating base,Yela,Stanton,-68.611,302.162,-46.109,https://starcitizen.tools/Mainline,,
Rock Bottom,Forward operating base,Lyria,Stanton,81.650,139.798,154.660,https://starcitizen.tools/Rock_Bottom,,
World's End,Forward operating base,Lyria,Stanton,82.350,-155.839,138.588,https://starcitizen.tools/World%27s_End,,
Downlow,Forward operating base,Lyria,Stanton,216.316,-50.930,-28.836,https://starcitizen.tools/Downlow,,
Last Day,Forward operating base,Lyria,Stanton,-95.229,94.387,-179.594,https://starcitizen.tools/Last_Day,,
Burnout,Forward operating base,Lyria,Stanton,-213.528,1.117,68.089,https://starcitizen.tools/Burnout,,
Balto's Blind,Forward operating base,Lyria,Stanton,-80.960,-208.719,0.596,https://starcitizen.tools/Balto%27s_Blind,,
Ako's Return,Forward operating base,Wala,Stanton,227.662,78.831,147.020,https://starcitizen.tools/Ako%27s_Return,,
Scuttle,Forward operating base,Wala,Stanton,10.026,-280.775,-26.625,https://starcitizen.tools/Scuttle,,
Washout,Forward operating base,Wala,Stanton,-200.344,179.033,90.388,https://starcitizen.tools/Washout,,
Wiley Flats,Forward operating base,Wala,Stanton,-231.254,-64.899,-150.276,https://starcitizen.tools/Wiley_Flats,,
Kelo Bottom,Forward operating base,microTech,Stanton,896.329,430.723,-116.471,https://starcitizen.tools/Kelo_Bottom,,
Drifters,Forward operating base,microTech,Stanton,-331.818,694.177,-640.380,https://starcitizen.tools/Drifters,,
Hela's Regret,Forward operating base,microTech,Stanton,-666.883,-561.293,-490.322,https://starcitizen.tools/Hela%27s_Regret,,
The Barrens,Forward operating base,microTech,Stanton,231.942,-973.238,-1.731,https://starcitizen.tools/The_Barrens,,
Blighter's Run,Forward operating base,Calliope,Stanton,206.788,-51.687,110.564,https://starcitizen.tools/Blighter%27s_Run,,
Hasbin Hall,Forward operating base,Calliope,Stanton,181.913,-149.785,-46.792,https://starcitizen.tools/Hasbin_Hall,,
Regiment Downs,Forward operating base,Calliope,Stanton,-60.059,226.418,-52.740,https://starcitizen.tools/Regiment_Downs,,
Hard Knocks,Forward operating base,Calliope,Stanton,-218.837,-52.591,84.530,https://starcitizen.tools/Hard_Knocks,,
Kant's Peak,Forward operating base,Clio,Stanton,-63.761,220.298,247.966,https://starcitizen.tools/Kant%27s_Peak,,
Tremonte,Forward operating base,Clio,Stanton,170.603,-270.457,107.535,https://starcitizen.tools/Tremonte,,
Shanks,Forward operating base,Euterpe,Stanton,212.586,-4.558,18.229,https://starcitizen.tools/Shanks,,
Adair's Retreat,Forward operating base,Euterpe,Stanton,-165.447,134.814,-4.200,https://starcitizen.tools/Adair%27s_Retreat,,
Attritus PAF-I,Planetary alignment facility,Daymar,Stanton,-65.555,129.836,256.575,https://starcitizen.tools/Attritus_PAF-I,,
Attritus PAF-II,Planetary alignment facility,Daymar,Stanton,-57.973,131.036,257.946,https://starcitizen.tools/Attritus_PAF-II,,
Attritus PAF-III,Planetary alignment facility,Daymar,Stanton,-60.601,122.899,261.369,https://starcitizen.tools/Attritus_PAF-III,,
Attritus OLP,Orbital laser platform,Daymar,Stanton,-63.545,132.861,269.975,https://starcitizen.tools/Attritus_OLP,,
Lamina PAF-I,Planetary alignment facility,Daymar,Stanton,-71.073,-262.047,-115.642,https://starcitizen.tools/Lamina_PAF-I,,
Lamina PAF-II,Planetary alignment facility,Daymar,Stanton,-78.987,-263.371,-107.230,https://starcitizen.tools/Lamina_PAF-II,,
Lamina PAF-III,Planetary alignment facility,Daymar,Stanton,-81.511,-259.065,-116.457,https://starcitizen.tools/Lamina_PAF-III,,
Lamina OLP,Orbital laser platform,Daymar,Stanton,-80.372,-272.419,-118.208,https://starcitizen.tools/Lamina_OLP,,
Ruptura PAF-I,Planetary alignment facility,Aberdeen,Stanton,-135.103,69.995,229.333,https://starcitizen.tools/Ruptura_PAF-I,,
Ruptura PAF-II,Planetary alignment facility,Aberdeen,Stanton,-141.271,69.076,226.037,https://starcitizen.tools/Ruptura_PAF-II,,
Ruptura PAF-III,Planetary alignment facility,Aberdeen,Stanton,-138.452,75.932,224.923,https://starcitizen.tools/Ruptura_PAF-III,,
Ruptura OLP,Orbital laser platform,Aberdeen,Stanton,-143.751,75.492,237.353,https://starcitizen.tools/Ruptura_OLP,,
Vivere PAF-I,Planetary alignment facility,Aberdeen,Stanton,194.316,95.552,-169.697,https://starcitizen.tools/Vivere_PAF-I,,
Vivere PAF-II,Planetary alignment facility,Aberdeen,Stanton,190.769,89.322,-177.233,https://starcitizen.tools/Vivere_PAF-II,,
Vivere PAF-III,Planetary alignment facility,Aberdeen,Stanton,187.700,97.786,-176.091,https://starcitizen.tools/Vivere_PAF-III,,
Vivere OLP,Orbital laser platform,Aberdeen,Stanton,199.731,98.275,-182.208,https://starcitizen.tools/Vivere_OLP,,
Dinger's Depot,Depot,Pyro IV,Pyro,94.159,-155.840,267.272,https://starcitizen.tools/Dinger%27s_Depot,,
FEO Canyon Depot,Depot,Fairo,Pyro,-328.583,-198.056,81.622,https://starcitizen.tools/FEO_Canyon_Depot,,
Gray Gardens Depot,Depot,Pyro I,Pyro,-380.335,120.557,-101.323,https://starcitizen.tools/Gray_Gardens_Depot,,
Prospect Depot,Depot,Bloom,Pyro,162.825,-378.221,-45.329,https://starcitizen.tools/Prospect_Depot,,
Slowburn Depot,Depot,Monox,Pyro,-139.082,-38.392,509.790,https://starcitizen.tools/Slowburn_Depot,,
Watcher's Depot,Depot,Terminus,Pyro,-178.043,-198.998,103.144,https://starcitizen.tools/Watcher%27s_Depot,,
Lazarus Transport Hub Phoenix-I,Outpost,Pyro I,Pyro,-141.001,311.699,229.269,https://starcitizen.tools/Lazarus_Transport_Hub_Phoenix-I,,
Lazarus Transport Hub Phoenix-II,Outpost,Pyro I,Pyro,-139.636,368.426,120.664,https://starcitizen.tools/Lazarus_Transport_Hub_Phoenix-II,,
Lazarus Transport Hub Phoenix-III,Outpost,Pyro I,Pyro,-268.240,273.048,151.651,https://starcitizen.tools/Lazarus_Transport_Hub_Phoenix-III,,
Lazarus Transport Hub Tithonus-I,Outpost,Pyro I,Pyro,98.460,-339.140,-211.927,https://starcitizen.tools/Lazarus_Transport_Hub_Tithonus-I,,
Lazarus Transport Hub Tithonus-II,Outpost,Pyro I,Pyro,229.528,-265.424,-216.913,https://starcitizen.tools/Lazarus_Transport_Hub_Tithonus-II,,
Lazarus Transport Hub Tithonus-III,Outpost,Pyro I,Pyro,199.110,-330.693,-143.834,https://starcitizen.tools/Lazarus_Transport_Hub_Tithonus-III,,
Farro Data Center I,Outpost,Pyro IV,Pyro,270.703,-172.381,17.854,https://starcitizen.tools/Farro_Data_Center_I,,
Farro Data Center II,Outpost,Pyro IV,Pyro,312.230,15.050,-74.817,https://starcitizen.tools/Farro_Data_Center_II,,
Farro Data Center III,Outpost,Pyro IV,Pyro,196.156,196.986,-161.386,https://starcitizen.tools/Farro_Data_Center_III,,
Farro Data Center IV,Outpost,Pyro IV,Pyro,-2.597,224.629,-230.649,https://starcitizen.tools/Farro_Data_Center_IV,,
Farro Data Center V,Outpost,Pyro IV,Pyro,-78.154,307.384,-54.007,https://starcitizen.tools/Farro_Data_Center_V,,
Farro Data Center VI,Outpost,Pyro IV,Pyro,86.118,305.944,-47.804,https://starcitizen.tools/Farro_Data_Center_VI,,
Farro Data Center VII,Outpost,Pyro IV,Pyro,-75.724,60.775,306.394,https://starcitizen.tools/Farro_Data_Center_VII,,
Farro Data Center VIII,Outpost,Pyro IV,Pyro,137.495,103.253,271.748,https://starcitizen.tools/Farro_Data_Center_VIII,,
Farro Data Center IX,Outpost,Pyro IV,Pyro,109.613,-206.013,-221.840,https://starcitizen.tools/Farro_Data_Center_IX,,
Farro Data Center X,Outpost,Pyro IV,Pyro,-40.669,-105.830,-300.991,https://starcitizen.tools/Farro_Data_Center_X,,
ASD Onyx S4A1,Underground bunker,Calliope,Stanton,20.562,-236.174,-38.637,,,
ASD Onyx S4A2,Underground bunker,Calliope,Stanton,-169.871,-120.333,-119.518,,,
ASD Onyx S4A3,Underground bunker,Calliope,Stanton,-152.877,183.939,19.942,,,
ASD Onyx S4A4,Underground bunker,Calliope,Stanton,166.650,108.856,134.119,,,
ASD Onyx S4A5,Underground bunker,Calliope,Stanton,54.002,197.775,-125.600,,,
ASD Onyx S4A6,Underground bunker,Calliope,Stanton,175.374,157.196,46.203,,,
ASD Onyx S4A7,Underground bunker,Calliope,Stanton,123.780,22.665,-204.404,,,
ASD Onyx S4A8,Underground bunker,Calliope,Stanton,-168.852,94.710,141.893,,,
ASD Onyx S4A9,Underground bunker,Calliope,Stanton,-70.648,215.374,79.466,,,
ASD Onyx S4A10,Underground bunker,Calliope,Stanton,58.207,-116.376,201.693,,,
HDRSO Pearce,Underground bunker,Hurston,Stanton,-785.362,-589.559,-188.888,,,
HDRSO Simms,Underground bunker,Hurston,Stanton,-751.438,-630.785,-193.547,,,
HDRSO McKuen,Underground bunker,Hurston,Stanton,-834.443,-514.533,-198.282,,,
HDRSO Giblin,Underground bunker,Hurston,Stanton,-549.109,246.068,801.997,,,
HDRSO Bersch,Underground bunker,Hurston,Stanton,-436.245,419.946,795.883,,,
HDRSO Walker,Underground bunker,Hurston,Stanton,-610.036,-794.239,-16.094,,,
HDRSO Malloy,Underground bunker,Hurston,Stanton,-982.073,-188.907,39.898,,,
HDRSO Stott,Underground bunker,Hurston,Stanton,-676.840,-709.291,-198.744,,,
HDRSO Foster,Underground bunker,Hurston,Stanton,-407.132,372.886,836.012,,,
HDRSO Brel,Underground bunker,Hurston,Stanton,-420.218,406.044,813.710,,,
HDRSO Tillman,Underground bunker,Hurston,Stanton,-729.413,-686.833,10.067,,,
HDRSO Bowes,Underground bunker,Hurston,Stanton,-435.775,430.996,790.232,,,
HDRSO Baier,Underground bunker,Hurston,Stanton,-433.919,301.727,851.013,,,
HDRSO Olliff,Underground bunker,Hurston,Stanton,-785.953,-584.009,-203.892,,,
HDRSO Bardie,Underground bunker,Hurston,Stanton,-419.852,440.358,794.891,,,
HDRSO Hosley,Underground bunker,Hurston,Stanton,-986.146,-173.108,-0.898,,,
HDRSO Sheppard,Underground bunker,Hurston,Stanton,-786.392,-599.621,-151.020,,,
HDRSO Wyatt,Underground bunker,Hurston,Stanton,-567.315,-815.069,-128.385,,,
HDRSO Marling,Underground bunker,Hurston,Stanton,-864.196,-474.996,-171.181,,,
HDRSO Franz,Underground bunker,Hurston,Stanton,-453.501,371.879,812.093,,,
HDRSO Cronshaw,Underground bunker,Hurston,Stanton,-422.254,382.551,824.551,,,
ASD Onyx S1A1,Underground bunker,Arial,Stanton,130.657,-243.037,-207.060,,,
ASD Onyx S1A2,Underground bunker,Arial,Stanton,132.035,311.317,70.006,,,
ASD Onyx S1A3,Underground bunker,Arial,Stanton,-241.478,162.131,186.651,,,
ASD Onyx S1A4,Underground bunker,Arial,Stanton,-244.435,-220.397,104.248,,,
ASD Onyx S1A5,Underground bunker,Arial,Stanton,301.416,1.405,168.537,,,
ASD Onyx S1A6,Underground bunker,Arial,Stanton,-302.533,-92.754,-138.020,,,
ASD Onyx S1A7,Underground bunker,Arial,Stanton,-295.631,178.401,-5.888,,,
ASD Onyx S1A8,Underground bunker,Arial,Stanton,11.777,343.888,29.718,,,
ASD Onyx S1A9,Underground bunker,Arial,Stanton,224.920,138.108,222.253,,,
ASD Onyx S1A10,Underground bunker,Arial,Stanton,229.023,-256.767,-26.962,,,
ASD Onyx S1B1,Underground bunker,Aberdeen,Stanton,234.353,-131.073,58.900,,,
ASD Onyx S1B2,Underground bunker,Aberdeen,Stanton,213.758,124.261,119.737,,,
ASD Onyx S1B3,Underground bunker,Aberdeen,Stanton,-119.102,246.710,-25.577,,,
ASD Onyx S1B4,Underground bunker,Aberdeen,Stanton,-235.997,-107.176,-92.353,,,
ASD Onyx S1B5,Underground bunker,Aberdeen,Stanton,3.430,-251.294,112.251,,,
ASD Onyx S1B6,Underground bunker,Aberdeen,Stanton,-236.121,134.305,45.387,,,
ASD Onyx S1B7,Underground bunker,Aberdeen,Stanton,-202.268,-185.882,14.625,,,
ASD Onyx S1B8,Underground bunker,Aberdeen,Stanton,-70.286,136.109,-228.353,,,
ASD Onyx S1B9,Underground bunker,Aberdeen,Stanton,57.605,-259.862,-69.328,,,
ASD Onyx S1B10,Underground bunker,Aberdeen,Stanton,46.855,-100.030,251.831,,,
ASD Onyx S1C1,Underground bunker,Magda,Stanton,189.100,-11.605,283.428,,,
ASD Onyx S1C2,Underground bunker,Magda,Stanton,200.466,274.658,-22.454,,,
ASD Onyx S1C3,Underground bunker,Magda,Stanton,-273.455,135.679,152.213,,,
ASD Onyx S1C4,Underground bunker,Magda,Stanton,-195.874,-252.335,-118.837,,,
ASD Onyx S1C5,Underground bunker,Magda,Stanton,34.155,-246.252,-233.398,,,
ASD Onyx S1C6,Underground bunker,Magda,Stanton,-143.799,-307.799,-29.790,,,
ASD Onyx S1C7,Underground bunker,Magda,Stanton,-8.041,-156.445,303.018,,,
ASD Onyx S1C8,Underground bunker,Magda,Stanton,-32.110,215.939,-261.765,,,
ASD Onyx S1C9,Underground bunker,Magda,Stanton,290.667,-177.823,11.715,,,
ASD Onyx S1C10,Underground bunker,Magda,Stanton,101.832,-274.674,174.613,,,
ASD Onyx S1D1,Underground bunker,Ita,Stanton,86.574,-186.511,251.742,,,
ASD Onyx S1D2,Underground bunker,Ita,Stanton,286.936,-137.699,67.342,,,
ASD Onyx S1D3,Underground bunker,Ita,Stanton,280.600,113.634,-118.749,,,
ASD Onyx S1D4,Underground bunker,Ita,Stanton,-307.404,80.573,68.729,,,
ASD Onyx S1D5,Underground bunker,Ita,Stanton,-155.823,-251.756,-135.896,,,
ASD Onyx S1D6,Underground bunker,Ita,Stanton,-143.309,-230.604,179.541,,,
ASD Onyx S1D7,Underground bunker,Ita,Stanton,3.549,325.201,-4.226,,,
ASD Onyx S1D8,Underground bunker,Ita,Stanton,-54.896,100.329,304.343,,,
ASD Onyx S1D9,Underground bunker,Ita,Stanton,-30.506,-276.138,169.046,,,
ASD Onyx S1D10,Underground bunker,Ita,Stanton,-172.103,-81.732,263.174,,,
ASD Onyx S2A1,Underground bunker,Cellin,Stanton,-21.618,260.131,7.443,,,
ASD Onyx S2A2,Underground bunker,Cellin,Stanton,174.259,-182.968,66.967,,,
ASD Onyx S2A3,Underground bunker,Cellin,Stanton,20.585,-80.694,246.801,,,
ASD Onyx S2A4,Underground bunker,Cellin,Stanton,204.695,-154.661,-46.141,,,
ASD Onyx S2A5,Underground bunker,Cellin,Stanton,-19.728,257.238,-37.281,,,
ASD Onyx S2A6,Underground bunker,Cellin,Stanton,-240.993,82.896,-56.456,,,
ASD Onyx S2A7,Underground bunker,Cellin,Stanton,-58.462,-231.374,-104.826,,,
ASD Onyx S2A8,Underground bunker,Cellin,Stanton,-26.609,-133.673,221.949,,,
ASD Onyx S2A9,Underground bunker,Cellin,Stanton,-138.368,-165.234,-146.307,,,
ASD Onyx S2A10,Underground bunker,Cellin,Stanton,112.742,-200.819,-122.751,,,
ASD Onyx S2B1,Underground bunker,Daymar,Stanton,242.038,-168.330,-13.307,,,
ASD Onyx S2B2,Underground bunker,Daymar,Stanton,-146.445,-252.668,44.456,,,
ASD Onyx S2B3,Underground bunker,Daymar,Stanton,252.677,55.096,-142.078,,,
ASD Onyx S2B4,Underground bunker,Daymar,Stanton,272.334,-5.632,113.683,,,
ASD Onyx S2B5,Underground bunker,Daymar,Stanton,122.566,39.773,265.445,,,
ASD Onyx S2B6,Underground bunker,Daymar,Stanton,-123.044,29.224,266.654,,,
ASD Onyx S2B7,Underground bunker,Daymar,Stanton,-119.044,242.239,119.096,,,
ASD Onyx S2B8,Underground bunker,Daymar,Stanton,-201.411,213.095,-38.568,,,
ASD Onyx S2B9,Underground bunker,Daymar,Stanton,-230.921,-116.335,-141.897,,,
ASD Onyx S2B10,Underground bunker,Daymar,Stanton,-78.437,-154.694,238.719,,,
ASD Onyx S2C1,Underground bunker,Yela,Stanton,301.409,-76.152,-38.446,,,
ASD Onyx S2C2,Underground bunker,Yela,Stanton,90.220,158.835,-254.335,,,
ASD Onyx S2C3,Underground bunker,Yela,Stanton,300.590,-58.086,-65.217,,,
ASD Onyx S2C4,Underground bunker,Yela,Stanton,260.358,174.725,0.782,,,
ASD Onyx S2C5,Underground bunker,Yela,Stanton,292.852,54.679,96.090,,,
ASD Onyx S2C6,Underground bunker,Yela,Stanton,120.609,-279.273,74.593,,,
ASD Onyx S2C7,Underground bunker,Yela,Stanton,59.966,-175.197,252.383,,,
ASD Onyx S2C8,Underground bunker,Yela,Stanton,-233.554,-205.798,33.279,,,
ASD Onyx S2C9,Underground bunker,Yela,Stanton,-39.651,-293.909,-101.618,,,
ASD Onyx S2C10,Underground bunker,Yela,Stanton,200.845,-199.456,134.663,,,
Security Post Pakote,Underground bunker,Cellin,Stanton,94.224,-71.327,232.359,,,
Security Post Birbari,Underground bunker,Cellin,Stanton,-152.438,-195.542,81.449,,,
Security Post Awala,Underground bunker,Cellin,Stanton,241.708,32.956,92.301,,,
Security Post Saktigar,Underground bunker,Cellin,Stanton,126.781,-71.928,215.954,,,
Security Post Kota,Underground bunker,Cellin,Stanton,67.248,-95.146,232.975,,,
Security Post Chilad,Underground bunker,Cellin,Stanton,-223.496,-115.735,66.944,,,
Security Post Sharga,Underground bunker,Cellin,Stanton,102.725,-55.538,233.874,,,
Security Post Gandan,Underground bunker,Cellin,Stanton,43.976,-179.168,184.168,,,
Security Post Iteke,Underground bunker,Yela,Stanton,193.746,106.800,221.443,,,
Security Post Walvis,Underground bunker,Yela,Stanton,102.466,162.700,246.987,,,
Security Post Triolet,Underground bunker,Yela,Stanton,121.570,151.521,245.999,,,
Security Post Hasik,Underground bunker,Yela,Stanton,208.442,95.447,213.177,,,
Security Post Peska,Underground bunker,Yela,Stanton,139.437,168.323,224.702,,,
Security Post Klipra,Underground bunker,Yela,Stanton,182.520,120.862,224.068,,,
Security Post Moka,Underground bunker,Yela,Stanton,187.695,136.653,210.118,,,
Security Post Erden,Underground bunker,Daymar,Stanton,114.598,-269.978,32.110,,,
Security Post Tavan,Underground bunker,Daymar,Stanton,154.635,-238.234,-82.131,,,
Security Post Menian,Underground bunker,Daymar,Stanton,119.404,-263.294,-62.655,,,
Security Post Dawu,Underground bunker,Daymar,Stanton,138.795,-259.884,18.369,,,
Security Post Reawick,Underground bunker,Daymar,Stanton,105.287,-262.019,-87.862,,,
Security Post Ulaga,Underground bunker,Daymar,Stanton,150.880,-244.523,-69.995,,,
Security Post Yafa,Underground bunker,Daymar,Stanton,150.046,-250.093,-48.435,,,